<?xml version="1.0" encoding="UTF-8"?>
<map version="1.10" tiledversion="1.10.0" orientation="orthogonal" renderorder="right-down" width="13" height="13" tilewidth="32" tileheight="32" infinite="0" nextlayerid="22" nextobjectid="1">
 <tileset firstgid="1" source="work"/>
 <tileset firstgid="849" source="work_roombuilder"/>
 <layer id="1" name="floor and walls" width="13" height="13" visible="0">
  <data encoding="csv">
1316,3379,3380,3380,3380,3380,3380,3380,3380,3380,3380,3381,1318,
1392,3455,3456,3456,3456,3456,3456,3456,3456,3456,3456,3457,1394,
1392,93,93,93,93,93,93,93,93,93,93,93,1394,
1392,93,93,93,93,93,93,93,93,93,93,93,1394,
1392,93,93,93,93,93,93,93,93,93,93,93,1394,
1392,93,93,93,93,93,93,93,93,93,93,93,1394,
1392,93,93,93,93,93,93,93,93,93,93,93,1394,
1392,93,93,93,93,93,93,93,93,93,93,93,1394,
1392,93,93,93,93,93,93,93,93,93,93,93,1394,
1392,93,93,93,93,93,93,93,93,93,93,93,1394,
1392,93,93,93,93,93,93,93,93,93,93,93,1394,
1392,93,93,93,93,93,93,93,93,93,93,93,1394,
1468,1469,1469,1469,1469,1469,1469,1469,1469,1469,1469,1469,1470
</data>
 </layer>
 <layer id="5" name="wall stuff" width="13" height="13" visible="0">
  <data encoding="csv">
0,0,0,0,0,0,16,234,235,0,0,0,0,
0,0,0,0,0,0,32,250,251,0,0,0,0,
0,0,0,0,0,0,0,0,0,0,0,0,0,
0,0,0,0,0,0,0,0,0,0,0,0,0,
0,0,0,0,0,0,0,0,0,0,0,0,0,
0,0,0,0,0,0,0,0,0,0,0,0,0,
0,0,0,0,0,0,0,0,0,0,0,0,0,
0,0,0,0,0,0,0,0,0,0,0,0,0,
0,0,0,0,0,0,0,0,0,0,0,0,0,
0,0,0,0,0,0,0,0,0,0,0,0,0,
0,0,0,0,0,0,0,0,0,0,0,0,0,
0,0,0,0,0,0,0,0,0,0,0,0,0,
0,0,0,0,0,0,0,0,0,0,0,0,0
</data>
 </layer>
 <layer id="4" name="chairs below" width="13" height="13" visible="0">
  <data encoding="csv">
0,0,0,0,248,249,0,0,0,0,0,0,0,
0,0,0,0,264,265,0,0,0,0,0,0,0,
0,0,0,0,280,281,0,0,0,0,0,0,0,
0,0,0,0,148,0,0,0,0,0,0,0,0,
0,0,0,0,0,0,0,0,0,0,0,0,0,
0,0,0,0,0,0,0,0,0,0,0,0,0,
0,0,0,0,0,0,0,0,0,0,0,0,0,
0,0,0,0,0,0,0,0,0,0,0,0,0,
0,0,0,0,0,0,0,0,0,0,0,0,0,
0,0,0,0,0,0,0,0,0,0,0,0,0,
0,0,0,0,0,0,0,0,0,0,0,0,0,
0,0,0,0,0,0,0,0,0,0,0,0,0,
0,0,0,0,0,0,0,0,0,0,0,0,0
</data>
 </layer>
 <layer id="2" name="tables" width="13" height="13" visible="0">
  <data encoding="csv">
0,0,0,0,0,0,0,0,0,0,0,119,0,
0,0,0,0,0,0,0,0,0,0,0,135,0,
0,0,0,0,132,0,0,0,0,0,0,151,0,
0,1,3,3,3,4,0,0,0,0,0,0,0,
0,33,35,35,35,36,0,0,0,0,0,0,0,
0,49,0,0,0,0,0,0,0,0,0,0,0,
0,0,0,0,0,0,0,0,0,0,0,0,0,
0,0,0,0,0,0,0,0,0,0,0,0,0,
0,0,0,0,0,0,0,0,7,8,8,9,0,
0,199,0,0,0,0,0,0,23,24,24,25,0,
0,215,0,0,0,0,0,0,39,40,40,41,0,
0,231,0,0,0,0,1135,0,0,0,0,0,0,
0,0,0,0,0,0,0,0,0,0,0,0,0
</data>
 </layer>
 <layer id="6" name="desk stuff above" width="13" height="13" visible="0">
  <data encoding="csv">
0,204,205,0,0,0,0,0,0,0,0,0,0,
0,237,0,0,0,0,0,0,0,0,0,0,0,
0,236,0,0,0,0,0,0,0,0,0,0,0,
0,0,0,0,0,0,0,0,0,0,0,0,0,
0,0,0,0,0,0,0,0,0,0,0,0,0,
0,0,0,0,0,0,0,0,0,0,0,0,0,
0,0,0,0,0,0,0,0,0,0,0,227,0,
0,0,0,0,0,0,0,0,0,0,0,243,0,
0,0,0,0,0,0,0,0,0,0,0,0,0,
0,0,0,0,0,0,0,0,0,0,0,0,0,
0,0,0,0,0,0,0,0,0,0,0,445,0,
0,0,0,0,0,0,0,0,0,0,0,0,0,
0,0,0,0,0,0,0,0,0,0,0,0,0
</data>
 </layer>
 <layer id="20" name="Copy of tables" width="13" height="13">
  <data encoding="csv">
0,0,0,0,0,0,0,0,0,0,0,0,0,
0,0,0,0,0,0,0,0,0,0,0,0,0,
0,0,0,0,0,0,0,0,0,0,0,0,0,
0,1,3,3,3,4,0,0,0,0,0,0,0,
0,0,0,0,0,0,0,0,0,0,0,0,0,
0,0,0,0,0,0,0,0,0,0,0,0,0,
0,0,0,0,0,0,0,0,0,0,0,0,0,
0,0,0,0,0,0,0,0,0,0,0,0,0,
0,0,0,0,0,0,0,0,7,8,8,9,0,
0,199,0,0,0,0,0,0,0,0,0,0,0,
0,215,0,0,0,0,0,0,0,0,0,0,0,
0,231,0,0,0,0,0,0,0,0,0,0,0,
0,0,0,0,0,0,0,0,0,0,0,0,0
</data>
 </layer>
 <layer id="19" name="Copy of chairs above" width="13" height="13" opacity="0.9">
  <data encoding="csv">
0,0,0,0,0,0,0,0,0,0,0,0,0,
0,0,0,0,0,0,0,0,0,0,0,0,0,
0,0,0,0,0,0,0,0,0,0,0,0,0,
0,0,0,0,175,176,0,0,0,0,0,0,0,
0,0,0,0,0,0,0,0,0,0,0,0,0,
0,0,0,0,0,0,0,0,0,0,0,0,0,
0,0,0,0,0,0,0,0,0,0,0,0,0,
0,0,0,0,0,0,0,0,0,0,0,0,0,
0,0,0,0,0,0,0,0,0,0,363,0,0,
0,0,0,0,0,0,0,0,252,0,0,0,0,
0,0,0,0,0,0,0,0,268,0,0,0,0,
0,0,0,0,0,0,0,0,0,0,0,0,0,
0,0,0,0,0,0,0,0,0,0,0,0,0
</data>
 </layer>
 <layer id="3" name="chairs above" width="13" height="13" visible="0">
  <data encoding="csv">
0,0,0,0,0,0,0,0,0,200,201,0,0,
0,0,0,0,0,0,0,0,0,216,217,0,0,
0,0,0,0,0,0,0,0,0,232,233,0,0,
0,0,0,0,175,176,0,0,0,0,0,0,0,
0,0,765,0,191,192,0,0,0,0,0,0,0,
0,0,781,0,0,0,0,0,0,0,0,0,0,
0,0,0,0,0,0,0,0,0,0,0,0,0,
0,0,0,0,0,0,0,0,0,0,0,0,0,
0,0,0,0,0,0,0,0,0,0,363,0,0,
0,0,0,0,0,0,0,0,252,427,428,429,0,
0,0,0,0,0,0,0,0,268,443,444,133,0,
0,0,0,0,0,0,0,0,0,0,0,149,0,
0,0,0,0,0,0,0,0,0,0,0,0,0
</data>
 </layer>
</map>
